   0.0000000e+00  -3.6434312e+00
   1.0000000e-03  -2.2715999e+00
   2.0000000e-03  -1.6505096e+00
   3.0000000e-03  -2.0144326e+00
   4.0000000e-03  -2.4147448e+00
   5.0000000e-03  -2.4411166e+00
   6.0000000e-03  -1.0565156e+00
   7.0000000e-03  -3.0978424e+00
   8.0000000e-03  -2.4308227e-01
   9.0000000e-03  -9.6487575e-01
   1.0000000e-02   1.2237703e+00
   1.1000000e-02   1.3604979e+00
   1.2000000e-02  -1.2633931e+00
   1.3000000e-02  -1.8737841e+00
   1.4000000e-02  -2.4120578e+00
   1.5000000e-02  -2.2413111e+00
   1.6000000e-02  -1.3086793e+00
   1.7000000e-02  -2.6345398e+00
   1.8000000e-02   1.0209857e+00
   1.9000000e-02  -1.4611269e-01
   2.0000000e-02  -2.2805759e+00
   2.1000000e-02  -6.2891166e-01
   2.2000000e-02  -2.6509966e+00
   2.3000000e-02  -3.4323203e+00
   2.4000000e-02   3.7217741e-01
   2.5000000e-02   1.6426421e+00
   2.6000000e-02   1.2425806e+00
   2.7000000e-02   7.8427155e-02
   2.8000000e-02   1.2518181e+00
   2.9000000e-02   6.0491415e-01
   3.0000000e-02  -1.2335557e+00
   3.1000000e-02   1.6852364e+00
   3.2000000e-02   8.7531008e-01
   3.3000000e-02   3.0433707e+00
   3.4000000e-02   3.2168462e+00
   3.5000000e-02   3.8985683e+00
   3.6000000e-02   1.9084280e+00
   3.7000000e-02   1.5997179e-01
   3.8000000e-02   1.2416094e+00
   3.9000000e-02  -1.4878759e+00
   4.0000000e-02  -4.0041939e-01
   4.1000000e-02   1.3531261e+00
   4.2000000e-02   1.4400745e+00
   4.3000000e-02   2.1904174e+00
   4.4000000e-02   2.7075956e+00
   4.5000000e-02  -2.9343766e-01
   4.6000000e-02   4.2434565e-01
   4.7000000e-02   9.5681905e-01
   4.8000000e-02   2.6228497e+00
   4.9000000e-02   2.1780112e+00
   5.0000000e-02   4.0790897e+00
   5.1000000e-02   4.7773470e+00
   5.2000000e-02   4.8887716e+00
   5.3000000e-02   3.9481823e+00
   5.4000000e-02   2.1556672e+00
   5.5000000e-02   3.2180346e+00
   5.6000000e-02   3.5346898e+00
   5.7000000e-02   2.0830665e+00
   5.8000000e-02   3.7695720e+00
   5.9000000e-02   4.2107793e+00
   6.0000000e-02   2.6173946e+00
   6.1000000e-02   2.9608771e+00
   6.2000000e-02   8.6230636e-01
   6.3000000e-02  -1.2246547e+00
   6.4000000e-02   1.3633904e+00
   6.5000000e-02   1.9505702e+00
   6.6000000e-02   3.3500130e+00
   6.7000000e-02   2.0499245e+00
   6.8000000e-02   3.0931542e+00
   6.9000000e-02   7.9735245e-01
   7.0000000e-02   6.0960048e-01
   7.1000000e-02   7.0686702e-01
   7.2000000e-02   1.8674091e+00
   7.3000000e-02   1.6857084e-01
   7.4000000e-02   1.0238409e+00
   7.5000000e-02   4.4809590e+00
   7.6000000e-02   2.3835408e+00
   7.7000000e-02   5.6895624e-01
   7.8000000e-02   2.5495078e-01
   7.9000000e-02   3.3501454e-01
   8.0000000e-02  -4.7289320e-01
   8.1000000e-02   4.4358496e-01
   8.2000000e-02  -4.0904660e-01
   8.3000000e-02   2.6913865e+00
   8.4000000e-02   1.0596948e+00
   8.5000000e-02  -2.3040429e+00
   8.6000000e-02  -4.7609665e-01
   8.7000000e-02  -2.1773217e+00
   8.8000000e-02  -2.8124283e+00
   8.9000000e-02  -2.3863208e+00
   9.0000000e-02  -1.3210157e-01
   9.1000000e-02   1.3829714e+00
   9.2000000e-02   1.6992617e+00
   9.3000000e-02   1.1791560e+00
   9.4000000e-02   2.5841899e-01
   9.5000000e-02  -8.8271115e-01
   9.6000000e-02  -1.3809607e+00
   9.7000000e-02  -1.3532558e+00
   9.8000000e-02  -8.4636382e-01
   9.9000000e-02   7.5767581e-01
   1.0000000e-01  -2.3341060e+00
   1.0100000e-01  -2.7398822e+00
   1.0200000e-01  -2.6175334e+00
   1.0300000e-01  -4.6940346e+00
   1.0400000e-01  -2.1734144e+00
   1.0500000e-01  -2.5431576e+00
   1.0600000e-01  -2.5167693e+00
   1.0700000e-01  -3.7920717e+00
   1.0800000e-01  -1.0550903e+00
   1.0900000e-01  -2.6155700e+00
   1.1000000e-01  -1.1486423e+00
   1.1100000e-01  -3.3390164e+00
   1.1200000e-01  -2.4757780e+00
   1.1300000e-01  -2.9802320e+00
   1.1400000e-01  -3.2846671e-01
   1.1500000e-01   2.1197843e+00
   1.1600000e-01  -2.0184428e+00
   1.1700000e-01  -1.3509123e+00
   1.1800000e-01  -3.3667550e+00
   1.1900000e-01  -2.5341011e+00
   1.2000000e-01  -3.4031396e+00
   1.2100000e-01  -2.2358657e+00
   1.2200000e-01  -2.4139215e+00
   1.2300000e-01  -2.1436661e+00
   1.2400000e-01  -3.1126929e+00
   1.2500000e-01  -4.3737827e-01
   1.2600000e-01  -3.1417232e+00
   1.2700000e-01  -5.1795718e+00
   1.2800000e-01  -4.1056390e+00
   1.2900000e-01  -2.8402050e+00
   1.3000000e-01  -1.5496182e+00
   1.3100000e-01  -1.4326000e-02
   1.3200000e-01  -1.5325064e+00
   1.3300000e-01  -3.9583769e-01
   1.3400000e-01  -2.9358457e+00
   1.3500000e-01  -1.5197066e+00
   1.3600000e-01  -1.0016015e+00
   1.3700000e-01  -1.2148967e+00
   1.3800000e-01   1.3577888e+00
   1.3900000e-01  -5.3796802e-01
   1.4000000e-01   7.4765510e-01
   1.4100000e-01  -1.8643309e+00
   1.4200000e-01  -1.6985912e+00
   1.4300000e-01  -1.3902403e+00
   1.4400000e-01  -7.9141624e-01
   1.4500000e-01  -2.6506033e+00
   1.4600000e-01  -2.8334033e-01
   1.4700000e-01   3.3918828e-02
   1.4800000e-01   1.9042226e+00
   1.4900000e-01  -6.7305803e-01
   1.5000000e-01  -7.4383305e-01
   1.5100000e-01  -2.4724884e+00
   1.5200000e-01   1.6063610e+00
   1.5300000e-01   8.1732306e-01
   1.5400000e-01   1.4567935e+00
   1.5500000e-01   1.6711301e+00
   1.5600000e-01   2.9714772e+00
   1.5700000e-01   3.7206014e+00
   1.5800000e-01   1.9772075e+00
   1.5900000e-01   4.7834492e-01
   1.6000000e-01   1.3933874e+00
   1.6100000e-01   2.9846747e+00
   1.6200000e-01   1.0601075e+00
   1.6300000e-01   3.4803746e+00
   1.6400000e-01   2.6484774e+00
   1.6500000e-01   6.5203745e-01
   1.6600000e-01   6.8224675e-01
   1.6700000e-01  -1.1718395e+00
   1.6800000e-01  -2.0569512e+00
   1.6900000e-01   1.0935622e+00
   1.7000000e-01   2.2529970e+00
   1.7100000e-01   3.1195320e+00
   1.7200000e-01   3.4255157e+00
   1.7300000e-01   2.7442678e+00
   1.7400000e-01   1.8203907e+00
   1.7500000e-01   2.7549421e+00
   1.7600000e-01   3.3623877e+00
   1.7700000e-01   3.3858103e+00
   1.7800000e-01   5.6342897e+00
   1.7900000e-01   5.1878447e+00
   1.8000000e-01   4.2117243e+00
   1.8100000e-01   3.5718592e+00
   1.8200000e-01   2.5349980e+00
   1.8300000e-01  -6.7850001e-02
   1.8400000e-01   1.4274760e+00
   1.8500000e-01   7.6140252e-01
   1.8600000e-01   2.0501329e+00
   1.8700000e-01   2.4274415e+00
   1.8800000e-01   1.6767869e+00
   1.8900000e-01   2.1610885e+00
   1.9000000e-01   2.8193587e+00
   1.9100000e-01   8.9875839e-01
   1.9200000e-01   2.1216099e-02
   1.9300000e-01   1.4751821e+00
   1.9400000e-01   1.7944675e+00
   1.9500000e-01   3.1469386e+00
   1.9600000e-01   2.8771350e+00
   1.9700000e-01   5.1369298e+00
   1.9800000e-01   3.1143279e+00
   1.9900000e-01   1.6295477e+00
   2.0000000e-01   1.3705952e-02
   2.0100000e-01  -4.6102581e-02
   2.0200000e-01   2.1408785e+00
   2.0300000e-01  -4.6095605e-01
   2.0400000e-01   2.9224177e-01
   2.0500000e-01   5.1169937e-01
   2.0600000e-01  -8.3350325e-02
   2.0700000e-01  -2.8215733e+00
   2.0800000e-01  -1.9480821e+00
   2.0900000e-01  -2.0895662e+00
   2.1000000e-01   4.5428243e-01
   2.1100000e-01  -9.1164525e-02
   2.1200000e-01   7.9825256e-01
   2.1300000e-01   5.8068126e-01
   2.1400000e-01   9.9411771e-01
   2.1500000e-01   3.7749877e-01
   2.1600000e-01  -1.8408314e+00
   2.1700000e-01  -6.8241628e-01
   2.1800000e-01  -1.0266921e+00
   2.1900000e-01   7.9133823e-01
   2.2000000e-01   1.5472705e+00
   2.2100000e-01   1.3644677e-01
   2.2200000e-01   6.9144386e-01
   2.2300000e-01  -8.3068647e-01
   2.2400000e-01  -1.6283739e+00
   2.2500000e-01  -2.9231022e+00
   2.2600000e-01  -2.5929089e+00
   2.2700000e-01  -9.1618297e-01
   2.2800000e-01  -2.4169003e+00
   2.2900000e-01  -2.2991569e+00
   2.3000000e-01  -2.1930903e+00
   2.3100000e-01  -3.6405748e+00
   2.3200000e-01  -3.6274854e+00
   2.3300000e-01  -4.5601880e+00
   2.3400000e-01  -3.5439782e+00
   2.3500000e-01  -4.1145466e-01
   2.3600000e-01  -4.0541747e-01
   2.3700000e-01  -1.3064707e+00
   2.3800000e-01  -1.8507046e+00
   2.3900000e-01  -1.1878596e+00
   2.4000000e-01  -2.3325476e+00
   2.4100000e-01  -1.5262285e+00
   2.4200000e-01  -4.5807171e-01
   2.4300000e-01  -9.4755242e-01
   2.4400000e-01  -2.0733677e+00
   2.4500000e-01  -3.7794022e-01
   2.4600000e-01  -2.5030913e+00
   2.4700000e-01  -4.8656582e+00
   2.4800000e-01  -4.9408656e+00
   2.4900000e-01  -3.5947078e+00
   2.5000000e-01  -4.7902480e+00
   2.5100000e-01  -1.8171250e+00
   2.5200000e-01  -9.6654594e-01
   2.5300000e-01  -2.2307171e+00
   2.5400000e-01  -2.1754530e+00
   2.5500000e-01  -3.9016190e+00
   2.5600000e-01  -2.9730612e+00
   2.5700000e-01  -2.0180854e+00
   2.5800000e-01  -3.0577317e+00
   2.5900000e-01   1.5759088e-01
   2.6000000e-01   2.0271198e+00
   2.6100000e-01   2.3055837e+00
   2.6200000e-01   1.5240549e-01
   2.6300000e-01  -3.0829058e-01
   2.6400000e-01  -2.3905866e+00
   2.6500000e-01  -2.3703900e+00
   2.6600000e-01  -3.1658849e-01
   2.6700000e-01  -6.3814306e-02
   2.6800000e-01  -1.6701603e+00
   2.6900000e-01   1.0345469e+00
   2.7000000e-01  -1.4968238e+00
   2.7100000e-01  -1.3453619e+00
   2.7200000e-01  -1.7568620e+00
   2.7300000e-01  -2.3520986e+00
   2.7400000e-01  -2.2836878e+00
   2.7500000e-01   9.9709278e-01
   2.7600000e-01   2.6426666e-01
   2.7700000e-01   3.0588230e+00
   2.7800000e-01   6.9261856e-01
   2.7900000e-01  -1.1502470e-01
   2.8000000e-01  -4.0017085e-01
   2.8100000e-01  -3.1257890e-01
   2.8200000e-01   8.0449649e-02
   2.8300000e-01   3.8953325e+00
   2.8400000e-01   2.6229686e+00
   2.8500000e-01   1.1353318e+00
   2.8600000e-01   1.2912770e+00
   2.8700000e-01   2.7617687e+00
   2.8800000e-01  -5.3850233e-01
   2.8900000e-01   2.2517639e+00
   2.9000000e-01  -3.7397310e-02
   2.9100000e-01   5.9736848e-01
   2.9200000e-01   2.5553056e+00
   2.9300000e-01   1.6727391e+00
   2.9400000e-01   1.1999680e+00
   2.9500000e-01   2.1963041e+00
   2.9600000e-01   1.2269170e+00
   2.9700000e-01  -2.5981880e-01
   2.9800000e-01   2.0001012e+00
   2.9900000e-01   3.5049494e+00
   3.0000000e-01   3.0968989e+00
   3.0100000e-01   5.0842229e+00
   3.0200000e-01   4.7322696e+00
   3.0300000e-01   2.5121787e+00
   3.0400000e-01   2.0738011e+00
   3.0500000e-01   2.3385955e+00
   3.0600000e-01   3.6181475e+00
   3.0700000e-01   3.0229067e+00
   3.0800000e-01   2.1763547e+00
   3.0900000e-01   1.7397987e+00
   3.1000000e-01   2.5172370e+00
   3.1100000e-01   2.5571690e+00
   3.1200000e-01   1.1800093e+00
   3.1300000e-01  -4.0990155e-01
   3.1400000e-01   1.6615420e+00
   3.1500000e-01   2.7170075e+00
   3.1600000e-01   3.7872863e+00
   3.1700000e-01   2.5059090e+00
   3.1800000e-01   6.2834907e-01
   3.1900000e-01   1.1580007e+00
   3.2000000e-01   6.3717748e-01
   3.2100000e-01   2.1519668e+00
   3.2200000e-01   1.8080470e-01
   3.2300000e-01   3.1938080e+00
   3.2400000e-01   2.8036663e+00
   3.2500000e-01   1.8646199e+00
   3.2600000e-01   3.3070856e+00
   3.2700000e-01   3.0269159e+00
   3.2800000e-01   1.5659581e+00
   3.2900000e-01   8.4370500e-01
   3.3000000e-01  -1.1941914e+00
   3.3100000e-01   6.1911153e-01
   3.3200000e-01  -7.6893106e-01
   3.3300000e-01   4.3987057e-01
   3.3400000e-01   9.7070513e-01
   3.3500000e-01  -1.5162232e+00
   3.3600000e-01  -1.5955768e+00
   3.3700000e-01  -2.7681755e+00
   3.3800000e-01  -1.3776355e+00
   3.3900000e-01  -7.7656212e-01
   3.4000000e-01   2.5196346e-01
   3.4100000e-01   6.9913655e-01
   3.4200000e-01   2.8009508e-01
   3.4300000e-01  -1.2570382e+00
   3.4400000e-01   1.6966240e-01
   3.4500000e-01  -1.8263867e+00
   3.4600000e-01  -1.6237635e+00
   3.4700000e-01  -5.2879690e-01
   3.4800000e-01   1.0453868e+00
   3.4900000e-01   7.2565592e-01
   3.5000000e-01   1.5221096e-01
   3.5100000e-01  -2.4155134e+00
   3.5200000e-01  -2.8188876e+00
   3.5300000e-01  -2.5614476e+00
   3.5400000e-01  -3.1231865e+00
   3.5500000e-01  -2.2685733e+00
   3.5600000e-01  -2.3847022e+00
   3.5700000e-01  -2.3529217e+00
   3.5800000e-01  -3.3325542e+00
   3.5900000e-01  -1.0927719e+00
   3.6000000e-01  -1.4292523e+00
   3.6100000e-01  -3.5634029e+00
   3.6200000e-01  -3.5493985e+00
   3.6300000e-01  -1.8540451e+00
   3.6400000e-01  -1.0792417e+00
   3.6500000e-01  -1.0258430e+00
   3.6600000e-01  -5.5974996e-01
   3.6700000e-01  -1.0968276e+00
   3.6800000e-01  -1.4441615e+00
   3.6900000e-01  -4.0116395e+00
   3.7000000e-01  -3.1532306e+00
   3.7100000e-01  -1.8102063e+00
   3.7200000e-01  -2.9477943e+00
   3.7300000e-01  -1.3974226e+00
   3.7400000e-01  -1.5517945e+00
   3.7500000e-01  -2.9547996e+00
   3.7600000e-01  -3.7137683e+00
   3.7700000e-01  -3.8813454e+00
   3.7800000e-01  -4.0153482e+00
   3.7900000e-01  -5.3779567e+00
   3.8000000e-01  -1.5515712e+00
   3.8100000e-01   6.8975945e-02
   3.8200000e-01  -4.6620942e-01
   3.8300000e-01  -1.3464577e+00
   3.8400000e-01  -2.4067002e-01
   3.8500000e-01  -1.4316454e+00
   3.8600000e-01  -1.1982920e+00
   3.8700000e-01  -3.5458466e+00
   3.8800000e-01  -5.7834452e-01
   3.8900000e-01   8.1934696e-01
   3.9000000e-01   1.5308170e+00
   3.9100000e-01  -1.4812721e+00
   3.9200000e-01  -1.5283422e+00
   3.9300000e-01  -1.1214039e+00
   3.9400000e-01  -1.5078219e+00
   3.9500000e-01  -2.2873063e+00
   3.9600000e-01  -2.6966156e-01
   3.9700000e-01   8.3511745e-01
   3.9800000e-01  -1.4492816e+00
   3.9900000e-01   7.3515386e-01
   4.0000000e-01   7.5099900e-01
   4.0100000e-01  -7.7990990e-01
   4.0200000e-01   7.5520502e-02
   4.0300000e-01   1.2892200e+00
   4.0400000e-01   2.7119928e+00
   4.0500000e-01   2.8424273e+00
   4.0600000e-01   1.6486283e+00
   4.0700000e-01   2.9943902e+00
   4.0800000e-01   8.1210779e-01
   4.0900000e-01   1.1360246e+00
   4.1000000e-01   2.4108974e+00
   4.1100000e-01   1.9074951e-01
   4.1200000e-01   2.0022079e+00
   4.1300000e-01   3.8994220e+00
   4.1400000e-01   1.9946870e+00
   4.1500000e-01   2.8341814e+00
   4.1600000e-01   3.1584972e-01
   4.1700000e-01  -1.7715748e+00
   4.1800000e-01   1.4488997e+00
   4.1900000e-01   1.0549436e+00
   4.2000000e-01   1.8823735e+00
   4.2100000e-01   7.8053646e-01
   4.2200000e-01   3.6482736e+00
   4.2300000e-01   3.1392883e+00
   4.2400000e-01   3.9389128e+00
   4.2500000e-01   2.1931480e+00
   4.2600000e-01   2.4774573e+00
   4.2700000e-01   5.0929232e-01
   4.2800000e-01   3.5874474e+00
   4.2900000e-01   5.4848302e+00
   4.3000000e-01   3.8785006e+00
   4.3100000e-01   2.4993889e+00
   4.3200000e-01   1.8163267e+00
   4.3300000e-01   6.6404291e-01
   4.3400000e-01   7.3873644e-01
   4.3500000e-01   4.5566449e+00
   4.3600000e-01   4.1331118e+00
   4.3700000e-01   1.5466772e+00
   4.3800000e-01   2.3861652e+00
   4.3900000e-01   7.0348638e-01
   4.4000000e-01   2.0427764e+00
   4.4100000e-01  -6.1389108e-01
   4.4200000e-01   1.7943120e+00
   4.4300000e-01   1.7987861e+00
   4.4400000e-01   3.3793003e+00
   4.4500000e-01   2.5851067e+00
   4.4600000e-01   4.0868783e+00
   4.4700000e-01   2.8504916e+00
   4.4800000e-01   4.0335292e-01
   4.4900000e-01   1.0729207e+00
   4.5000000e-01   6.0498955e-01
   4.5100000e-01   8.5362308e-01
   4.5200000e-01   1.8860570e+00
   4.5300000e-01   2.3708914e+00
   4.5400000e-01   1.5793789e+00
   4.5500000e-01   1.1102252e+00
   4.5600000e-01   7.6263618e-01
   4.5700000e-01  -1.6014136e-01
   4.5800000e-01  -1.5659356e-01
   4.5900000e-01  -3.4916076e+00
   4.6000000e-01  -1.6471922e+00
   4.6100000e-01   5.9909267e-02
   4.6200000e-01   1.5416750e+00
   4.6300000e-01  -5.9880026e-01
   4.6400000e-01  -1.2166797e+00
   4.6500000e-01   4.9528146e-01
   4.6600000e-01  -2.2494626e+00
   4.6700000e-01  -2.2082879e+00
   4.6800000e-01  -6.2628482e-01
   4.6900000e-01   9.7292142e-02
   4.7000000e-01   1.0356824e+00
   4.7100000e-01  -1.6317272e-02
   4.7200000e-01  -1.2774444e+00
   4.7300000e-01  -1.9999810e+00
   4.7400000e-01  -1.8224661e+00
   4.7500000e-01  -2.6773831e+00
   4.7600000e-01  -1.6921698e+00
   4.7700000e-01  -8.9698744e-01
   4.7800000e-01  -9.5124711e-01
   4.7900000e-01  -2.1306644e+00
   4.8000000e-01  -2.8176792e+00
   4.8100000e-01  -2.5941079e+00
   4.8200000e-01  -5.3376523e+00
   4.8300000e-01  -4.5212083e+00
   4.8400000e-01  -2.0847806e-01
   4.8500000e-01  -1.5791093e+00
   4.8600000e-01  -6.0873723e-01
   4.8700000e-01  -1.4992287e+00
   4.8800000e-01  -2.9465838e+00
   4.8900000e-01  -1.8539473e+00
   4.9000000e-01  -2.9254319e+00
   4.9100000e-01  -2.1485858e+00
   4.9200000e-01  -2.6026288e+00
   4.9300000e-01  -2.6828186e-01
   4.9400000e-01  -1.3527867e+00
   4.9500000e-01  -2.2528276e+00
   4.9600000e-01  -7.6094003e-01
   4.9700000e-01  -3.1886054e+00
   4.9800000e-01  -2.0409904e+00
   4.9900000e-01  -3.2015888e+00
